-3.70375,40.61431
9.95278,48.34412
-3.70375,40.61431
9.95278,48.34412
4.66142,52.3662
7.69368,47.51604
-3.70375,40.61431
9.95278,48.34412
4.66142,52.3662
7.69368,47.51604
-3.70375,40.61431
9.95278,48.34412
21.63267,47.50712
-8.93311,38.68911
-3.70375,40.61431
9.95278,48.34412
-3.70375,40.61431
9.95278,48.34412
4.66142,52.3662
7.69368,47.51604
15.71727,45.86644
9.95278,48.34412
4.66142,52.3662
7.69368,47.51604
15.71727,45.86644
9.95278,48.34412
4.66142,52.3662
7.69368,47.51604
15.71727,45.86644
9.95278,48.34412
4.66142,52.3662
7.69368,47.51604
15.71727,45.86644
9.95278,48.34412
4.66142,52.3662
7.69368,47.51604
4.66142,52.3662
7.69368,47.51604
4.66142,52.3662
7.69368,47.51604
23.58828,38.05899
9.95278,48.34412
9.99995,48.37219
-8.93311,38.68911
18.9201,49.06154
9.95278,48.34412
4.66142,52.3662
-8.93311,38.68911
-3.46592,40.45125
9.95278,48.34412
-3.46592,40.45125
9.95278,48.34412
-3.46592,40.45125
9.95278,48.34412
9.99995,48.37219
-8.93311,38.68911
14.84651,46.83573
9.95278,48.34412
9.99995,48.37219
-8.93311,38.68911
18.9201,49.06154
9.95278,48.34412
9.99995,48.37219
-8.93311,38.68911
18.9201,49.06154
9.95278,48.34412
9.99995,48.37219
-8.93311,38.68911
18.9201,49.06154
9.95278,48.34412
21.63267,47.50712
-8.93311,38.68911
9.99995,48.37219
-8.93311,38.68911
9.99995,48.37219
-8.93311,38.68911
9.99995,48.37219
-8.93311,38.68911
-3.70375,40.61431
9.95278,48.34412
-2.65489,53.31486
-8.93311,38.68911
19.38917,51.63789
23.76825,61.45415
20.79496,52.1762
9.95278,48.34412
20.79496,52.1762
9.95278,48.34412
20.79496,52.1762
9.95278,48.34412
20.79496,52.1762
9.95278,48.34412
11.83218,47.79052
-3.72505,40.05426
20.79496,52.1762
9.95278,48.34412
22.42131,39.63854
-3.72505,40.05426
20.79496,52.1762
9.95278,48.34412
23.88795,38.01433
-3.72505,40.05426
20.79496,52.1762
9.95278,48.34412
17.7876,59.7237
23.76825,61.45415
20.79496,52.1762
9.95278,48.34412
25.73181,41.0826
-8.93311,38.68911
25.73181,41.0826
-8.93311,38.68911
6.12969,49.60959
5.41968,52.1882
20.79496,52.1762
9.95278,48.34412
19.97114,50.06761
5.41968,52.1882
20.79496,52.1762
9.95278,48.34412
24.70915,42.87571
30.52428,50.45056
24.70915,42.87571
30.52428,50.45056
32.90079,34.672
4.67542,51.28466
19.35837,51.73606
9.95278,48.34412
-0.7812,41.65185
4.67542,51.28466
19.35837,51.73606
9.95278,48.34412
-9.23605,38.76334
4.67542,51.28466
19.35837,51.73606
9.95278,48.34412
19.97114,50.06761
4.67542,51.28466
9.99995,48.37219
4.67542,51.28466
23.11851,42.23429
30.52428,50.45056
20.79496,52.1762
9.95278,48.34412
9.99995,48.37219
4.67542,51.28466
23.11851,42.23429
30.52428,50.45056
20.79496,52.1762
9.95278,48.34412
23.73643,37.97613
4.67542,51.28466
23.11851,42.23429
30.52428,50.45056
19.97114,50.06761
9.95278,48.34412
23.85836,37.94962
4.67542,51.28466
4.87053,52.3348
0.87322,47.45157
19.97114,50.06761
9.95278,48.34412
24.70915,42.87571
30.52428,50.45056
24.70915,42.87571
30.52428,50.45056
20.79496,52.1762
9.95278,48.34412
8.54076,49.05756
4.67542,51.28466
24.70915,42.87571
30.52428,50.45056
20.79496,52.1762
9.95278,48.34412
9.99995,48.37219
4.67542,51.28466
24.70915,42.87571
30.52428,50.45056
20.79496,52.1762
9.95278,48.34412
14.5281,35.8548
12.131,55.4448
14.5281,35.8548
12.131,55.4448
14.5281,35.8548
12.131,55.4448
1.71577,41.38097
12.131,55.4448
1.71577,41.38097
12.131,55.4448
14.5281,35.8548
12.131,55.4448
14.5281,35.8548
12.131,55.4448
8.97942,45.55209
12.131,55.4448
8.97942,45.55209
12.131,55.4448
1.71577,41.38097
12.131,55.4448
14.5281,35.8548
12.131,55.4448
14.5281,35.8548
12.131,55.4448
14.5281,35.8548
12.131,55.4448
14.5281,35.8548
12.131,55.4448
14.5281,35.8548
12.131,55.4448
14.5281,35.8548
12.131,55.4448
14.5281,35.8548
12.131,55.4448
14.5281,35.8548
12.131,55.4448
14.5281,35.8548
12.131,55.4448
14.5281,35.8548
12.131,55.4448
5.4892,50.96879
12.131,55.4448
3.47797,50.98806
12.131,55.4448
3.47797,50.98806
12.131,55.4448
2.0645,49.06687
12.131,55.4448
2.0645,49.06687
12.131,55.4448
-1.31842,52.07289
12.131,55.4448
-1.31842,52.07289
12.131,55.4448
-1.31842,52.07289
12.131,55.4448
-1.31842,52.07289
12.131,55.4448
23.76825,61.45415
12.131,55.4448
13.29809,52.59103
12.131,55.4448
-1.71396,55.15165
12.131,55.4448
-1.71396,55.15165
12.131,55.4448
-1.71396,55.15165
12.131,55.4448
5.4892,50.96879
12.131,55.4448
5.4892,50.96879
12.131,55.4448
5.4892,50.96879
12.131,55.4448
5.4892,50.96879
12.131,55.4448
5.4892,50.96879
12.131,55.4448
5.4892,50.96879
12.131,55.4448
19.97114,50.06761
12.1208,55.67002
7.98751,48.55132
5.41968,52.1882
-3.24338,40.6296
23.46805,42.68695
7.98751,48.55132
5.41968,52.1882
14.46254,35.88926
26.10298,44.43429
7.98751,48.55132
5.41968,52.1882
5.4892,50.96879
-3.16359,51.68622
-0.7812,41.65185
12.1208,55.67002
17.98824,49.90528
12.1208,55.67002
7.98751,48.55132
5.41968,52.1882
-0.7812,41.65185
12.1208,55.67002
9.99995,48.37219
23.76825,61.45415
7.98751,48.55132
5.41968,52.1882
-0.7812,41.65185
12.1208,55.67002
9.99995,48.37219
23.76825,61.45415
7.98751,48.55132
5.41968,52.1882
-0.7812,41.65185
12.1208,55.67002
-0.7812,41.65185
12.1208,55.67002
7.98751,48.55132
5.41968,52.1882
-1.1969,52.77677
12.1208,55.67002
1.95981,47.81479
-3.16359,51.68622
7.98751,48.55132
5.41968,52.1882
21.57595,47.599
12.1208,55.67002
8.7115,53.84648
23.76825,61.45415
7.98751,48.55132
5.41968,52.1882
21.57595,47.599
12.1208,55.67002
9.99995,48.37219
23.76825,61.45415
7.98751,48.55132
5.41968,52.1882
-0.7812,41.65185
12.1208,55.67002
9.99995,48.37219
23.76825,61.45415
7.98751,48.55132
5.41968,52.1882
9.99995,48.37219
23.76825,61.45415
7.98751,48.55132
5.41968,52.1882
9.99995,48.37219
23.76825,61.45415
9.99995,48.37219
5.41968,52.1882
9.99995,48.37219
23.76825,61.45415
9.99995,48.37219
5.41968,52.1882
17.98824,49.90528
12.1208,55.67002
9.99995,48.37219
23.76825,61.45415
9.99995,48.37219
23.76825,61.45415
23.11851,42.23429
19.36585,47.59803
9.99995,48.37219
5.41968,52.1882
21.63267,47.50712
12.1208,55.67002
5.53262,52.3351
23.76825,61.45415
9.99995,48.37219
5.41968,52.1882
15.71727,45.86644
-1.55196,42.82527
9.99995,48.37219
-3.77968,40.31696
23.11851,42.23429
19.36585,47.59803
9.99995,48.37219
5.41968,52.1882
19.36585,47.59803
12.1208,55.67002
9.99995,48.37219
23.76825,61.45415
9.99995,48.37219
5.41968,52.1882
15.71727,45.86644
12.1208,55.67002
9.99995,48.37219
23.76825,61.45415
9.99995,48.37219
5.41968,52.1882
19.97114,50.06761
12.1208,55.67002
10.39945,43.70996
23.76825,61.45415
9.99995,48.37219
5.41968,52.1882
18.65119,54.35314
12.1208,55.67002
9.61389,45.73885
23.76825,61.45415
7.98751,48.55132
5.41968,52.1882
8.78261,50.81421
5.41968,52.1882
23.75713,38.05621
5.41968,52.1882
23.11851,42.23429
19.36585,47.59803
23.73643,37.97613
5.41968,52.1882
23.11851,42.23429
19.36585,47.59803
9.99995,48.37219
5.41968,52.1882
-1.1969,52.77677
5.41968,52.1882
14.5281,35.8548
19.36585,47.59803
14.5281,35.8548
19.36585,47.59803
14.5281,35.8548
19.36585,47.59803
14.5281,35.8548
19.36585,47.59803
23.11851,42.23429
5.41968,52.1882
23.11851,42.23429
19.36585,47.59803
26.54679,43.51693
5.41968,52.1882
23.11851,42.23429
19.36585,47.59803
26.54679,43.51693
5.41968,52.1882
8.97942,45.55209
19.36585,47.59803
23.85836,37.94962
5.41968,52.1882
14.5281,35.8548
19.36585,47.59803
-1.31842,52.07289
5.41968,52.1882
-9.04831,53.27395
5.41968,52.1882
5.4892,50.96879
19.36585,47.59803
21.57595,47.599
5.41968,52.1882
5.4892,50.96879
19.36585,47.59803
19.14232,47.47327
5.41968,52.1882
5.4892,50.96879
19.36585,47.59803
-1.1969,52.77677
5.41968,52.1882
14.5281,35.8548
5.41968,52.1882
9.99995,48.37219
19.36585,47.59803
9.99995,48.37219
19.36585,47.59803
9.99995,48.37219
19.36585,47.59803
-3.92531,39.87174
5.41968,52.1882
18.65119,54.35314
19.36585,47.59803
-0.7812,41.65185
5.41968,52.1882
12.14902,49.01138
19.36585,47.59803
-0.7812,41.65185
5.41968,52.1882
9.99995,48.37219
19.36585,47.59803
-0.7812,41.65185
5.41968,52.1882
9.99995,48.37219
19.36585,47.59803
2.45031,48.98653
0.87322,47.45157
6.12969,49.60959
-3.57128,40.47949
6.12969,49.60959
-3.57128,40.47949
5.4892,50.96879
5.8673,52.95982
19.35837,51.73606
9.95278,48.34412
5.4892,50.96879
5.8673,52.95982
-7.11604,52.26315
9.95278,48.34412
5.4892,50.96879
5.8673,52.95982
23.59423,38.30957
5.8673,52.95982
15.79929,40.63723
-1.31842,52.07289
19.35837,51.73606
9.95278,48.34412
5.98893,51.2006
5.8673,52.95982
15.79929,40.63723
-1.31842,52.07289
19.35837,51.73606
9.95278,48.34412
5.4892,50.96879
5.8673,52.95982
15.79929,40.63723
-1.31842,52.07289
19.35837,51.73606
9.95278,48.34412
5.4892,50.96879
5.8673,52.95982
19.35837,51.73606
9.95278,48.34412
-8.19008,53.63035
-1.31842,52.07289
19.35837,51.73606
9.95278,48.34412
21.63267,47.50712
4.67542,51.28466
-8.19008,53.63035
-1.31842,52.07289
19.35837,51.73606
9.95278,48.34412
21.63267,47.50712
4.67542,51.28466
5.4892,50.96879
-1.31842,52.07289
19.35837,51.73606
9.95278,48.34412
21.63267,47.50712
4.67542,51.28466
5.4892,50.96879
-1.31842,52.07289
19.35837,51.73606
9.95278,48.34412
-7.11604,52.26315
9.95278,48.34412
17.98824,49.90528
5.41968,52.1882
21.63267,47.50712
9.95278,48.34412
17.98824,49.90528
5.41968,52.1882
2.05757,41.36808
14.53446,35.85862
21.63267,47.50712
9.95278,48.34412
4.87053,52.3348
5.41968,52.1882
21.63267,47.50712
9.95278,48.34412
17.98824,49.90528
5.41968,52.1882
21.63267,47.50712
9.95278,48.34412
17.98824,49.90528
5.41968,52.1882
21.63267,47.50712
9.95278,48.34412
4.87053,52.3348
-2.65489,53.31486
-7.11604,52.26315
9.95278,48.34412
15.71727,45.86644
-1.55663,42.86594
-7.11604,52.26315
9.95278,48.34412
21.63267,47.50712
-1.55663,42.86594
-7.11604,52.26315
9.95278,48.34412
3.59826,47.84845
2.45031,48.98653
21.63267,47.50712
9.95278,48.34412
2.46511,48.98555
9.95278,48.34412
17.98824,49.90528
5.41968,52.1882
9.99995,48.37219
18.9201,49.06154
7.98751,48.55132
5.41968,52.1882
4.87053,52.3348
5.41968,52.1882
12.28148,56.06413
12.131,55.4448
4.87053,52.3348
5.41968,52.1882
12.28148,56.06413
12.131,55.4448
12.14902,49.01138
5.41968,52.1882
12.28148,56.06413
12.131,55.4448
6.99833,49.23149
5.41968,52.1882
12.28148,56.06413
12.131,55.4448
4.87053,52.3348
5.41968,52.1882
26.0047,44.5244
21.43541,42.00866
4.87053,52.3348
5.41968,52.1882
23.76825,61.45415
12.131,55.4448
4.87053,52.3348
5.41968,52.1882
12.28148,56.06413
12.131,55.4448
4.87053,52.3348
5.41968,52.1882
12.28148,56.06413
12.131,55.4448
8.97942,45.55209
26.10298,44.43429
7.98751,48.55132
5.41968,52.1882
4.87053,52.3348
23.76825,61.45415
7.98751,48.55132
5.41968,52.1882
11.9737,57.75528
23.76825,61.45415
7.98751,48.55132
5.41968,52.1882
-0.7812,41.65185
18.32995,49.86404
7.98751,48.55132
5.41968,52.1882
9.99995,48.37219
11.35163,44.37929
7.98751,48.55132
5.41968,52.1882
9.99995,48.37219
11.35163,44.37929
7.98751,48.55132
5.41968,52.1882
7.98751,48.55132
5.41968,52.1882
15.71727,45.86644
23.76825,61.45415
7.98751,48.55132
5.41968,52.1882
15.71727,45.86644
23.76825,61.45415
7.98751,48.55132
5.41968,52.1882
15.96758,45.80724
11.9737,57.75528
7.98751,48.55132
5.41968,52.1882
19.97114,50.06761
11.9737,57.75528
23.11851,42.23429
20.59449,52.19753
23.59423,38.30957
20.59449,52.19753
5.11519,47.31025
20.59449,52.19753
8.97942,45.55209
20.59449,52.19753
23.11851,42.23429
20.59449,52.19753
23.11851,42.23429
20.59449,52.19753
23.11851,42.23429
20.59449,52.19753
33.02014,34.71757
20.59449,52.19753
1.71577,41.38097
20.59449,52.19753
-1.55663,42.86594
20.59449,52.19753
26.0047,44.5244
20.59449,52.19753
26.0047,44.5244
20.59449,52.19753
5.4892,50.96879
119.97365,31.81072
26.0047,44.5244
20.59449,52.19753
26.0047,44.5244
20.59449,52.19753
14.5281,35.8548
20.59449,52.19753
14.5281,35.8548
20.59449,52.19753
14.5281,35.8548
20.59449,52.19753
14.5281,35.8548
20.59449,52.19753
8.47773,49.90768
20.59449,52.19753
-4.15296,51.09697
20.59449,52.19753
-0.7812,41.65185
20.59449,52.19753
-0.7812,41.65185
20.59449,52.19753
15.71727,45.86644
20.59449,52.19753
21.63267,47.50712
20.59449,52.19753
5.4892,50.96879
20.59449,52.19753
25.73181,41.0826
20.59449,52.19753
26.10298,44.43429
20.59449,52.19753
1.21654,49.27154
20.59449,52.19753
-4.15296,51.09697
20.59449,52.19753
21.63267,47.50712
20.59449,52.19753
23.11851,42.23429
12.1208,55.67002
3.59826,47.84845
12.1208,55.67002
1.95981,47.81479
12.1208,55.67002
-6.42491,54.44379
12.1208,55.67002
-7.11604,52.26315
12.1208,55.67002
9.99995,48.37219
12.1208,55.67002
9.99995,48.37219
12.1208,55.67002
23.11851,42.23429
12.1208,55.67002
21.63267,47.50712
20.59449,52.19753
21.63267,47.50712
20.59449,52.19753
-0.7812,41.65185
23.90997,54.89454
-0.7812,41.65185
23.90997,54.89454
26.0047,44.5244
37.61501,55.75696
17.98824,49.90528
23.90997,54.89454
26.0047,44.5244
37.61501,55.75696
17.98824,49.90528
23.90997,54.89454
26.0047,44.5244
37.61501,55.75696
-0.7812,41.65185
23.90997,54.89454
-0.7812,41.65185
23.90997,54.89454
26.0047,44.5244
37.61501,55.75696
26.0047,44.5244
37.61501,55.75696
5.4892,50.96879
37.61501,55.75696
19.97114,50.06761
23.90997,54.89454
26.0047,44.5244
37.61501,55.75696
19.97114,50.06761
23.90997,54.89454
26.0047,44.5244
37.61501,55.75696
21.63267,47.50712
23.90997,54.89454
26.0047,44.5244
37.61501,55.75696
21.63267,47.50712
23.90997,54.89454
26.0047,44.5244
37.61501,55.75696
5.4892,50.96879
8.97942,45.55209
-0.7812,41.65185
37.61501,55.75696
5.4892,50.96879
8.97942,45.55209
-0.7812,41.65185
37.61501,55.75696
1.21654,49.27154
8.97942,45.55209
-0.7812,41.65185
37.61501,55.75696
21.63267,47.50712
23.90996,54.8945
-0.7812,41.65185
37.61501,55.75696
-1.58034,52.77086
23.90997,54.89454
25.97241,44.47342
8.97942,45.55209
5.4892,50.96879
8.97942,45.55209
15.71727,45.86644
37.61501,55.75696
15.71727,45.86644
37.61501,55.75696
6.12969,49.60959
8.7533,45.59976
-0.7812,41.65185
37.61501,55.75696
6.12969,49.60959
8.7533,45.59976
15.71727,45.86644
37.61501,55.75696
6.12969,49.60959
8.7533,45.59976
15.71727,45.86644
37.61501,55.75696
15.71727,45.86644
37.61501,55.75696
5.8673,52.95982
5.98893,51.2006
15.71727,45.86644
37.61501,55.75696
-1.31842,52.07289
5.98893,51.2006
5.4892,50.96879
37.61501,55.75696
-1.31842,52.07289
5.98893,51.2006
5.4892,50.96879
37.61501,55.75696
9.99995,48.37219
13.96631,42.29591
5.4892,50.96879
37.61501,55.75696
5.8673,52.95982
5.98893,51.2006
5.8673,52.95982
5.98893,51.2006
5.8673,52.95982
5.98893,51.2006
5.8673,52.95982
5.98893,51.2006
15.71727,45.86644
37.61501,55.75696
5.4892,50.96879
37.61501,55.75696
11.54047,51.99794
4.67542,51.28466
5.4892,50.96879
37.61501,55.75696
4.87053,52.3348
4.67542,51.28466
5.4892,50.96879
37.61501,55.75696
5.4892,50.96879
37.61501,55.75696
5.4892,50.96879
37.61501,55.75696
5.4892,50.96879
37.61501,55.75696
21.94251,42.98548
37.61501,55.75696
21.94251,42.98548
37.61501,55.75696
21.94251,42.98548
37.61501,55.75696
5.4892,50.96879
37.61501,55.75696
5.4892,50.96879
37.61501,55.75696
11.83218,47.79052
20.59449,52.19753
4.87053,52.3348
20.59449,52.19753
9.99995,48.37219
20.59449,52.19753
4.66142,52.3662
20.59449,52.19753
23.11851,42.23429
12.131,55.4448
23.11851,42.23429
12.131,55.4448
23.11851,42.23429
12.131,55.4448
23.11851,42.23429
12.131,55.4448
23.11851,42.23429
12.131,55.4448
23.11851,42.23429
12.131,55.4448
23.11851,42.23429
12.131,55.4448
23.11851,42.23429
12.131,55.4448
24.70915,42.87571
12.131,55.4448
23.11851,42.23429
12.131,55.4448
9.99995,48.37219
37.63486,55.72789
21.63267,47.50712
4.16775,51.16862
9.99995,48.37219
37.63486,55.72789
8.5877,49.91809
4.16775,51.16862
9.99995,48.37219
37.63486,55.72789
9.99995,48.37219
37.63486,55.72789
9.99995,48.37219
37.63486,55.72789
0.12631,51.7862
4.16775,51.16862
9.99995,48.37219
37.63486,55.72789
17.98824,49.90528
4.16775,51.16862
9.99995,48.37219
37.63486,55.72789
-3.16359,51.68622
4.16775,51.16862
9.99995,48.37219
37.63486,55.72789
21.63267,47.50712
4.16775,51.16862
9.99995,48.37219
37.63486,55.72789
4.66142,52.3662
4.16775,51.16862
4.66142,52.3662
4.16775,51.16862
23.73643,37.97613
4.16775,51.16862
3.59826,47.84845
4.16775,51.16862
9.99995,48.37219
37.63486,55.72789
2.46511,48.98555
4.16775,51.16862
21.63267,47.50712
30.52428,50.45056
21.63267,47.50712
5.41968,52.1882
8.97942,45.55209
25.97241,44.47342
9.99995,48.37219
37.63486,55.72789
21.63267,47.50712
5.41968,52.1882
9.99995,48.37219
37.63486,55.72789
21.63267,47.50712
5.41968,52.1882
9.99995,48.37219
37.63486,55.72789
-3.24338,40.6296
5.41968,52.1882
9.99995,48.37219
37.63486,55.72789
21.63267,47.50712
5.41968,52.1882
8.97942,45.55209
25.97241,44.47342
9.99995,48.37219
37.63486,55.72789
21.63267,47.50712
5.41968,52.1882
8.97942,45.55209
25.97241,44.47342
9.99995,48.37219
37.63486,55.72789
21.63267,47.50712
5.41968,52.1882
8.97942,45.55209
25.97241,44.47342
9.99995,48.37219
37.63486,55.72789
21.63267,47.50712
5.41968,52.1882
8.97942,45.55209
25.97241,44.47342
9.99995,48.37219
37.63486,55.72789
9.99995,48.37219
-8.88456,39.0935
-0.7812,41.65185
-9.39089,38.73607
5.4892,50.96879
2.0645,49.06687
9.99995,48.37219
37.63486,55.72789
-7.11604,52.26315
5.41968,52.1882
8.97942,45.55209
25.97241,44.47342
9.99995,48.37219
37.63486,55.72789
8.97942,45.55209
25.97241,44.47342
8.97942,45.55209
25.97241,44.47342
9.99995,48.37219
30.52428,50.45056
17.98824,49.90528
37.63486,55.72789
9.99995,48.37219
30.52428,50.45056
17.98824,49.90528
37.63486,55.72789
9.99995,48.37219
30.52428,50.45056
17.98824,49.90528
37.63486,55.72789
4.66142,52.3662
30.52428,50.45056
9.99995,48.37219
30.52428,50.45056
11.83218,47.79052
16.47613,48.31426
9.99995,48.37219
37.63486,55.72789
9.99995,48.37219
30.52428,50.45056
4.87053,52.3348
16.47613,48.31426
4.66142,52.3662
37.63486,55.72789
9.99995,48.37219
30.52428,50.45056
4.87053,52.3348
16.47613,48.31426
17.98824,49.90528
37.63486,55.72789
9.99995,48.37219
30.52428,50.45056
9.99995,48.37219
16.47613,48.31426
17.98824,49.90528
37.63486,55.72789
8.97942,45.55209
25.97241,44.47342
17.98824,49.90528
16.16235,49.95318
9.99995,48.37219
37.63486,55.72789
9.99995,48.37219
30.52428,50.45056
17.98824,49.90528
16.16235,49.95318
9.99995,48.37219
37.63486,55.72789
9.99995,48.37219
30.52428,50.45056
17.98824,49.90528
16.16235,49.95318
9.99995,48.37219
37.63486,55.72789
17.98824,49.90528
30.52428,50.45056
19.97114,50.06761
37.63486,55.72789
19.97114,50.06761
30.52428,50.45056
-7.11604,52.26315
37.63486,55.72789
19.97114,50.06761
3.28263,48.19893
26.0047,44.5244
30.52428,50.45056
19.97114,50.06761
37.63486,55.72789
26.0047,44.5244
30.52428,50.45056
19.97114,50.06761
37.63486,55.72789
-4.15296,51.09697
30.52428,50.45056
19.97114,50.06761
37.63486,55.72789
-4.15296,51.09697
30.52428,50.45056
19.97114,50.06761
37.63486,55.72789
17.98824,49.90528
37.63486,55.72789
4.66142,52.3662
30.52428,50.45056
17.98824,49.90528
37.63486,55.72789
26.0047,44.5244
30.52428,50.45056
17.98824,49.90528
37.63486,55.72789
26.0047,44.5244
30.52428,50.45056
19.97114,50.06761
37.63486,55.72789
14.5281,35.8548
17.40378,48.21132
14.5281,35.8548
17.40378,48.21132
23.59423,38.30957
17.40378,48.21132
8.97942,45.55209
17.40378,48.21132
8.97942,45.55209
17.40378,48.21132
1.71577,41.38097
17.40378,48.21132
8.5877,49.91809
26.10298,44.43429
11.83218,47.79052
17.40378,48.21132
23.11851,42.23429
17.40378,48.21132
23.11851,42.23429
17.40378,48.21132
17.98824,49.90528
17.40378,48.21132
17.98824,49.90528
17.40378,48.21132
17.98824,49.90528
17.40378,48.21132
17.98824,49.90528
17.40378,48.21132
17.98824,49.90528
17.40378,48.21132
14.5281,35.8548
17.40378,48.21132
5.4892,50.96879
17.40378,48.21132
5.4892,50.96879
17.40378,48.21132
5.4892,50.96879
17.40378,48.21132
14.5281,35.8548
17.40378,48.21132
15.32104,46.94532
23.76825,61.45415
4.87053,52.3348
19.97114,50.06761
4.87053,52.3348
19.97114,50.06761
21.63267,47.50712
16.48555,48.21423
-0.7812,41.65185
23.76825,61.45415
15.96758,45.80724
12.1208,55.67002
-0.7812,41.65185
23.76825,61.45415
26.0047,44.5244
24.11689,56.99913
21.63267,47.50712
23.76825,61.45415
14.5281,35.8548
2.23804,48.83807
21.63267,47.50712
23.76825,61.45415
1.95981,47.81479
17.40378,48.21132
19.97114,50.06761
16.47613,48.31426
2.52556,41.68871
23.76825,61.45415
19.97114,50.06761
16.48555,48.21423
-0.7812,41.65185
23.76825,61.45415
21.63267,47.50712
16.48555,48.21423
-0.7812,41.65185
23.76825,61.45415
-7.11604,52.26315
17.40378,48.21132
21.63267,47.50712
17.40378,48.21132
9.99995,48.37219
-6.36153,53.28591
19.38917,51.63789
-6.24827,53.34807
9.99995,48.37219
4.16775,51.16862
6.12969,49.60959
19.97114,50.06761
4.66142,52.3662
4.16775,51.16862
23.11851,42.23429
19.97114,50.06761
4.66142,52.3662
4.16775,51.16862
13.31256,52.41637
19.97114,50.06761
4.87053,52.3348
-6.53886,53.9436
7.98751,48.55132
4.16775,51.16862
4.87053,52.3348
19.97114,50.06761
9.99995,48.37219
4.16775,51.16862
4.87053,52.3348
19.97114,50.06761
9.99995,48.37219
4.16775,51.16862
4.87053,52.3348
19.97114,50.06761
9.99995,48.37219
4.16775,51.16862
4.87053,52.3348
19.97114,50.06761
4.87053,52.3348
4.16775,51.16862
4.87053,52.3348
4.16775,51.16862
4.87053,52.3348
4.16775,51.16862
-1.1969,52.77677
0.27814,50.79476
8.47773,49.90768
0.27814,50.79476
-0.7812,41.65185
0.27814,50.79476
-0.7812,41.65185
0.27814,50.79476
4.87053,52.3348
17.90488,49.93942
11.4249,47.91394
-0.47818,52.10853
5.4892,50.96879
121.4737,31.23037
-0.7812,41.65185
0.27814,50.79476
-4.15296,51.09697
37.61501,55.75696
-0.7812,41.65185
0.27814,50.79476
4.87053,52.3348
-0.47818,52.10853
4.87053,52.3348
-0.47818,52.10853
11.4249,47.91394
-0.47818,52.10853
-0.7812,41.65185
0.27814,50.79476
4.87053,52.3348
17.90488,49.93942
-0.7812,41.65185
0.27814,50.79476
4.87053,52.3348
17.90488,49.93942
-0.7812,41.65185
0.27814,50.79476
-4.15296,51.09697
37.61501,55.75696
-0.7812,41.65185
0.27814,50.79476
-4.15296,51.09697
37.61501,55.75696
5.4892,50.96879
121.4737,31.23037
-0.7812,41.65185
0.27814,50.79476
-0.7812,41.65185
0.27814,50.79476
-0.7812,41.65185
0.27814,50.79476
11.4249,47.91394
-0.47818,52.10853
-0.7812,41.65185
0.27814,50.79476
11.4249,47.91394
-0.47818,52.10853
-0.7812,41.65185
0.27814,50.79476
5.43132,50.63698
4.87053,52.3348
7.58423,47.47451
4.87053,52.3348
-0.7812,41.65185
0.27814,50.79476
9.99995,48.37219
21.57595,47.599
5.43132,50.63698
4.87053,52.3348
15.71727,45.86644
23.32431,42.69718
5.43132,50.63698
4.87053,52.3348
-0.7812,41.65185
-8.51348,40.18679
5.43132,50.63698
4.87053,52.3348
21.63267,47.50712
1.21598,49.26182
8.47773,49.90768
9.54939,50.41924
-0.7812,41.65185
0.27814,50.79476
6.00357,51.17607
-0.47818,52.10853
8.47773,49.90768
9.54939,50.41924
-0.7812,41.65185
0.27814,50.79476
-9.04831,53.27395
-0.47818,52.10853
8.47773,49.90768
9.54939,50.41924
-0.7812,41.65185
0.27814,50.79476
14.5281,35.8548
-3.77968,40.31696
8.47773,49.90768
9.54939,50.41924
-0.7812,41.65185
0.27814,50.79476
9.99995,48.37219
21.57595,47.599
-0.7812,41.65185
0.27814,50.79476
-0.7812,41.65185
0.27814,50.79476
9.99995,48.37219
19.38917,51.63789
5.43132,50.63698
4.87053,52.3348
-0.7812,41.65185
0.27814,50.79476
9.99995,48.37219
-1.55663,42.86594
5.43132,50.63698
4.87053,52.3348
-0.7812,41.65185
0.27814,50.79476
4.87053,52.3348
16.73112,49.19228
-0.7812,41.65185
0.27814,50.79476
-0.7812,41.65185
0.27814,50.79476
5.43132,50.63698
4.87053,52.3348
9.99995,48.37219
16.73112,49.19228
5.43132,50.63698
4.87053,52.3348
4.04943,49.25707
16.73112,49.19228
5.43132,50.63698
4.87053,52.3348
4.04943,49.25707
16.73112,49.19228
5.43132,50.63698
4.87053,52.3348
5.43132,50.63698
4.87053,52.3348
-0.7812,41.65185
0.27814,50.79476
9.99995,48.37219
16.73112,49.19228
5.43132,50.63698
4.87053,52.3348
-0.7812,41.65185
0.27814,50.79476
9.99995,48.37219
16.73112,49.19228
5.43132,50.63698
4.87053,52.3348
-0.7812,41.65185
0.27814,50.79476
9.99995,48.37219
16.73112,49.19228
5.43132,50.63698
4.87053,52.3348
-0.7812,41.65185
0.27814,50.79476
9.99995,48.37219
16.73112,49.19228
23.11851,42.23429
16.73112,49.19228
-2.65489,53.31486
4.87053,52.3348
23.11851,42.23429
16.73112,49.19228
-2.65489,53.31486
4.87053,52.3348
-6.42491,54.44379
16.73112,49.19228
8.47773,49.90768
6.23331,51.8553
33.02014,34.71757
16.73112,49.19228
8.47773,49.90768
6.23331,51.8553
14.5281,35.8548
16.73112,49.19228
8.47773,49.90768
6.23331,51.8553
2.0645,49.06687
16.73112,49.19228
8.47773,49.90768
6.23331,51.8553
8.47773,49.90768
6.23331,51.8553
1.71577,41.38097
16.73112,49.19228
8.47773,49.90768
6.23331,51.8553
14.5281,35.8548
16.73112,49.19228
8.47773,49.90768
6.23331,51.8553
14.5281,35.8548
16.73112,49.19228
8.47773,49.90768
6.23331,51.8553
14.5281,35.8548
16.73112,49.19228
2.05757,41.36808
9.54377,45.18748
4.87053,52.3348
0.27814,50.79476
4.87053,52.3348
9.54377,45.18748
4.87053,52.3348
0.27814,50.79476
17.98824,49.90528
3.33922,48.2071
23.85836,37.94962
9.54377,45.18748
21.63267,47.50712
3.33922,48.2071
4.87053,52.3348
9.54377,45.18748
21.63267,47.50712
3.33922,48.2071
4.87053,52.3348
9.54377,45.18748
4.87053,52.3348
0.27814,50.79476
4.87053,52.3348
9.54377,45.18748
4.87053,52.3348
3.33922,48.2071
21.57595,47.599
9.54377,45.18748
4.87053,52.3348
3.33922,48.2071
9.99995,48.37219
11.09134,43.88243
4.87053,52.3348
3.33922,48.2071
4.87053,52.3348
9.17761,45.46333
17.98824,49.90528
3.33922,48.2071
-0.7812,41.65185
16.85631,52.40324
4.87053,52.3348
9.54377,45.18748
4.87053,52.3348
0.27814,50.79476
4.87053,52.3348
9.54377,45.18748
19.97114,50.06761
0.27814,50.79476
9.99995,48.37219
0.27814,50.79476
9.99995,48.37219
9.54377,45.18748
9.99995,48.37219
0.27814,50.79476
9.99995,48.37219
9.54377,45.18748
21.57595,47.599
0.27814,50.79476
9.99995,48.37219
9.54377,45.18748
17.98824,49.90528
0.27814,50.79476
9.99995,48.37219
9.54377,45.18748
4.87053,52.3348
0.27814,50.79476
4.87053,52.3348
9.54377,45.18748
4.87053,52.3348
0.27814,50.79476
12.14902,49.01138
9.54377,45.18748
4.87053,52.3348
0.27814,50.79476
12.14902,49.01138
9.54377,45.18748
9.99995,48.37219
0.27814,50.79476
12.14902,49.01138
9.54377,45.18748
9.99995,48.37219
9.54377,45.18748
19.97114,50.06761
0.27814,50.79476
4.66142,52.3662
9.54377,45.18748
19.97114,50.06761
0.27814,50.79476
4.66142,52.3662
9.54377,45.18748
8.97942,45.55209
29.55005,40.91554
8.97942,45.55209
29.55005,40.91554
-6.24827,53.34807
29.55005,40.91554
21.63267,47.50712
0.27814,50.79476
-0.7812,41.65185
5.9365,52.97383
4.66142,52.3662
9.54377,45.18748
4.87053,52.3348
0.27814,50.79476
-0.7812,41.65185
5.9365,52.97383
3.59826,47.84845
9.54377,45.18748
4.87053,52.3348
0.27814,50.79476
23.11851,42.23429
29.55005,40.91554
26.54679,43.51693
9.54377,45.18748
4.87053,52.3348
0.27814,50.79476
8.97942,45.55209
29.55005,40.91554
21.63267,47.50712
0.27814,50.79476
4.66142,52.3662
9.54377,45.18748
21.63267,47.50712
0.27814,50.79476
-7.11604,52.26315
23.46805,42.68695
4.66142,52.3662
9.54377,45.18748
21.63267,47.50712
0.27814,50.79476
21.63267,47.50712
23.46805,42.68695
4.66142,52.3662
9.54377,45.18748
21.63267,47.50712
0.27814,50.79476
2.05125,41.32373
5.9365,52.97383
4.66142,52.3662
9.54377,45.18748
-6.42491,54.44379
9.54377,45.18748
4.87053,52.3348
0.27814,50.79476
-6.42491,54.44379
9.54377,45.18748
9.99995,48.37219
0.27814,50.79476
8.97942,45.55209
9.54377,45.18748
9.99995,48.37219
0.27814,50.79476
-1.55663,42.86594
9.54377,45.18748
5.98893,51.2006
12.52584,55.6484
4.87053,52.3348
17.90488,49.93942
3.59826,47.84845
0.27814,50.79476
1.03824,49.4121
4.61264,51.56009
-2.65489,53.31486
9.54377,45.18748
-6.42491,54.44379
0.27814,50.79476
5.4892,50.96879
4.61264,51.56009
-3.92531,39.87174
9.54377,45.18748
-6.42491,54.44379
0.27814,50.79476
5.4892,50.96879
4.61264,51.56009
5.4892,50.96879
4.61264,51.56009
9.99995,48.37219
0.27814,50.79476
-6.24827,53.34807
29.55005,40.91554
-1.55663,42.86594
9.54377,45.18748
9.99995,48.37219
0.27814,50.79476
14.5281,35.8548
29.55005,40.91554
-1.55663,42.86594
9.54377,45.18748
4.66142,52.3662
0.27814,50.79476
7.80036,47.29705
29.55005,40.91554
14.5281,35.8548
9.54377,45.18748
4.66142,52.3662
0.27814,50.79476
5.4892,50.96879
29.55005,40.91554
0.27814,50.79476
9.54377,45.18748
19.97114,50.06761
7.80036,47.29705
26.0047,44.5244
37.81021,55.96375
11.83218,47.79052
23.46805,42.68695
8.97942,45.55209
23.46805,42.68695
21.63267,47.50712
-6.24827,53.34807
-7.11604,52.26315
2.17082,41.53633
26.10298,44.43429
20.22292,44.8276
8.97942,45.55209
26.0047,44.5244
8.97942,45.55209
23.46805,42.68695
8.97942,45.55209
23.46805,42.68695
14.5281,35.8548
23.46805,42.68695
2.0645,49.06687
23.46805,42.68695
5.4892,50.96879
23.46805,42.68695
26.10298,44.43429
23.46805,42.68695
-9.29709,38.76867
23.46805,42.68695
14.5281,35.8548
23.46805,42.68695
14.5281,35.8548
23.46805,42.68695
14.5281,35.8548
23.46805,42.68695
8.97942,45.55209
23.46805,42.68695
17.98824,49.90528
23.46805,42.68695
15.71727,45.86644
5.41968,52.1882
4.66142,52.3662
19.36585,47.59803
-3.70375,40.61431
5.41968,52.1882
4.66142,52.3662
19.36585,47.59803
-2.76154,53.52713
5.41968,52.1882
4.87053,52.3348
19.36585,47.59803
19.97114,50.06761
5.41968,52.1882
17.98824,49.90528
19.36585,47.59803
-0.7812,41.65185
5.41968,52.1882
-0.7812,41.65185
5.41968,52.1882
15.96758,45.80724
5.41968,52.1882
-7.11604,52.26315
-9.28174,38.73289
4.87053,52.3348
-6.24827,53.34807
19.97114,50.06761
5.41968,52.1882
19.97114,50.06761
19.36585,47.59803
19.97114,50.06761
5.41968,52.1882
19.97114,50.06761
19.36585,47.59803
-7.11604,52.26315
5.41968,52.1882
19.97114,50.06761
19.36585,47.59803
-7.11604,52.26315
-9.28174,38.73289
4.87053,52.3348
-6.24827,53.34807
12.14902,49.01138
-6.24827,53.34807
9.99995,48.37219
-6.24827,53.34807
9.99995,48.37219
-6.24827,53.34807
4.87053,52.3348
-6.24827,53.34807
23.11851,42.23429
-6.24827,53.34807
4.66142,52.3662
-6.24827,53.34807
4.66142,52.3662
-6.24827,53.34807
24.70915,42.87571
-6.24827,53.34807
23.11851,42.23429
-6.24827,53.34807
3.59826,47.84845
-6.24827,53.34807
8.97942,45.55209
-6.24827,53.34807
-2.65489,53.31486
-6.24827,53.34807
-1.31842,52.07289
-6.24827,53.34807
23.11851,42.23429
-6.24827,53.34807
23.11851,42.23429
-6.24827,53.34807
12.60148,55.65302
-6.24827,53.34807
2.0645,49.06687
-6.24827,53.34807
12.65616,41.57861
-6.24827,53.34807
5.4892,50.96879
-6.24827,53.34807
-0.7812,41.65185
-6.24827,53.34807
-0.7812,41.65185
-6.24827,53.34807
-0.7812,41.65185
-6.24827,53.34807
26.10298,44.43429
-6.24827,53.34807
25.73181,41.0826
-6.24827,53.34807
-3.92531,39.87174
-6.24827,53.34807
-0.7812,41.65185
-6.24827,53.34807
19.97114,50.06761
-6.24827,53.34807
19.97114,50.06761
-6.24827,53.34807
21.63267,47.50712
-6.24827,53.34807
4.87053,52.3348
26.10298,44.43429
4.87053,52.3348
26.10298,44.43429
4.87053,52.3348
26.10298,44.43429
4.87053,52.3348
26.10298,44.43429
8.47773,49.90768
6.58967,51.81948
8.47773,49.90768
6.58967,51.81948
8.47773,49.90768
6.58967,51.81948
18.08697,49.95322
0.45729,51.84833
15.79929,40.63723
-1.31842,52.07289
12.14902,49.01138
26.10298,44.43429
23.11851,42.23429
26.10298,44.43429
23.39491,38.36246
26.10298,44.43429
23.39491,38.36246
26.10298,44.43429
14.5281,35.8548
26.10298,44.43429
9.99995,48.37219
26.10298,44.43429
9.99995,48.37219
26.10298,44.43429
4.66142,52.3662
26.10298,44.43429
24.70915,42.87571
26.10298,44.43429
5.4892,50.96879
121.4737,31.23037
12.14902,49.01138
26.10298,44.43429
12.14902,49.01138
26.10298,44.43429
19.97114,50.06761
26.10298,44.43429
21.63267,47.50712
26.10298,44.43429
8.5877,49.91809
26.10298,44.43429
2.0645,49.06687
26.10298,44.43429
4.5296,51.58877
26.10298,44.43429
4.5296,51.58877
26.10298,44.43429
19.97114,50.06761
26.10298,44.43429
14.5281,35.8548
26.10298,44.43429
14.5281,35.8548
26.10298,44.43429
14.5281,35.8548
26.10298,44.43429
23.11851,42.23429
20.62789,52.09803
-7.11604,52.26315
0.27814,50.79476
-7.11604,52.26315
0.27814,50.79476
23.11851,42.23429
19.14232,47.47327
23.59423,38.30957
-8.93311,38.68911
-7.11604,52.26315
0.27814,50.79476
-6.42491,54.44379
-8.93311,38.68911
-7.11604,52.26315
0.27814,50.79476
2.05125,41.32373
-8.93311,38.68911
-7.11604,52.26315
0.27814,50.79476
-3.24338,40.6296
-8.93311,38.68911
-0.7812,41.65185
0.27814,50.79476
4.87053,52.3348
21.57595,47.599
4.87053,52.3348
-8.93311,38.68911
-0.7812,41.65185
0.27814,50.79476
17.98824,49.90528
21.57595,47.599
8.54076,49.05756
-8.93311,38.68911
-2.76154,53.52713
0.27814,50.79476
17.98824,49.90528
21.57595,47.599
8.54076,49.05756
-8.93311,38.68911
-2.76154,53.52713
0.27814,50.79476
17.98824,49.90528
21.57595,47.599
3.59826,47.84845
-8.93311,38.68911
4.87053,52.3348
21.57595,47.599
4.87053,52.3348
21.57595,47.599
4.87053,52.3348
21.57595,47.599
-0.7812,41.65185
19.36585,47.59803
-0.7812,41.65185
0.27814,50.79476
4.87053,52.3348
21.57595,47.599
4.87053,52.3348
-8.93311,38.68911
24.70915,42.87571
26.0047,44.5244
-0.7812,41.65185
-8.93311,38.68911
24.70915,42.87571
26.0047,44.5244
18.08697,49.95322
-8.93311,38.68911
24.70915,42.87571
26.0047,44.5244
19.97114,50.06761
-8.93311,38.68911
24.70915,42.87571
26.0047,44.5244
-7.11604,52.26315
0.27814,50.79476
-0.7812,41.65185
-8.93311,38.68911
24.70915,42.87571
26.0047,44.5244
-0.7812,41.65185
-8.93311,38.68911
24.70915,42.87571
26.0047,44.5244
-0.7812,41.65185
-8.93311,38.68911
24.70915,42.87571
26.0047,44.5244
-0.7812,41.65185
-8.93311,38.68911
-9.04831,53.27395
-8.93311,38.68911
-7.11604,52.26315
0.27814,50.79476
-0.7812,41.65185
-8.93311,38.68911
-7.11604,52.26315
0.27814,50.79476
-0.7812,41.65185
-8.93311,38.68911
24.70915,42.87571
26.0047,44.5244
21.63267,47.50712
-8.93311,38.68911
24.70915,42.87571
26.0047,44.5244
2.46511,48.98555
-8.93311,38.68911
24.70915,42.87571
26.0047,44.5244
24.70915,42.87571
26.0047,44.5244
21.63267,47.50712
-8.93311,38.68911
24.70915,42.87571
26.0047,44.5244
21.63267,47.50712
-8.93311,38.68911
24.70915,42.87571
26.0047,44.5244
21.63267,47.50712
-8.93311,38.68911
24.70915,42.87571
26.0047,44.5244
21.63267,47.50712
-8.93311,38.68911
19.97114,50.06761
-8.93311,38.68911
24.70915,42.87571
26.0047,44.5244
19.97114,50.06761
-8.93311,38.68911
24.70915,42.87571
26.0047,44.5244
19.97114,50.06761
-8.93311,38.68911
24.70915,42.87571
26.0047,44.5244
19.97114,50.06761
-8.93311,38.68911
5.4892,50.96879
-4.02709,51.07283
24.70915,42.87571
26.0047,44.5244
23.71851,38.25961
1.95981,47.81479
24.70915,42.87571
26.0047,44.5244
24.70915,42.87571
26.0047,44.5244
23.59423,38.30957
1.95981,47.81479
24.70915,42.87571
26.0047,44.5244
23.59423,38.30957
1.95981,47.81479
24.70915,42.87571
26.0047,44.5244
6.94811,51.10921
1.95981,47.81479
24.70915,42.87571
26.0047,44.5244
6.94811,51.10921
1.95981,47.81479
24.70915,42.87571
26.0047,44.5244
5.4892,50.96879
-4.02709,51.07283
24.70915,42.87571
26.0047,44.5244
8.5877,49.91809
2.65302,48.81633
24.70915,42.87571
26.0047,44.5244
9.99995,48.37219
4.48708,52.1636
24.70915,42.87571
26.0047,44.5244
23.73643,37.97613
1.95981,47.81479
-6.24827,53.34807
-1.34675,53.70625
-0.7812,41.65185
9.54377,45.18748
-0.7812,41.65185
9.54377,45.18748
-0.7812,41.65185
9.54377,45.18748
-0.7812,41.65185
9.54377,45.18748
-6.24827,53.34807
-1.34675,53.70625
-0.7812,41.65185
9.54377,45.18748
-6.24827,53.34807
-1.34675,53.70625
-0.7812,41.65185
9.54377,45.18748
-6.24827,53.34807
-1.34675,53.70625
-0.7812,41.65185
9.54377,45.18748
-6.24827,53.34807
-1.34675,53.70625
-0.7812,41.65185
9.54377,45.18748
2.4724,48.8508
-1.34675,53.70625
23.39491,38.36246
-1.34675,53.70625
23.39491,38.36246
-1.34675,53.70625
-0.7812,41.65185
9.54377,45.18748
8.97942,45.55209
-1.34675,53.70625
-0.7812,41.65185
9.54377,45.18748
23.11851,42.23429
-1.34675,53.70625
-0.7812,41.65185
9.54377,45.18748
17.98824,49.90528
9.54377,45.18748
15.96758,45.80724
9.54377,45.18748
5.4892,50.96879
-1.34675,53.70625
-0.7812,41.65185
9.54377,45.18748
25.73181,41.0826
-1.34675,53.70625
-0.7812,41.65185
9.54377,45.18748
6.98745,52.72513
-1.34675,53.70625
-0.7812,41.65185
9.54377,45.18748
17.98824,49.90528
-1.34675,53.70625
-0.7812,41.65185
9.54377,45.18748
4.29591,51.06361
-1.34675,53.70625
4.29591,51.06361
-1.34675,53.70625
-0.7812,41.65185
9.54377,45.18748
4.29591,51.06361
-1.34675,53.70625
-0.7812,41.65185
9.54377,45.18748
21.57595,47.599
-1.34675,53.70625
-0.7812,41.65185
9.54377,45.18748
4.29591,51.06361
-1.34675,53.70625
4.29591,51.06361
-1.34675,53.70625
21.63267,47.50712
9.54377,45.18748
21.63267,47.50712
9.54377,45.18748
-3.16359,51.68622
-1.34675,53.70625
-3.70375,40.61431
9.54377,45.18748
-3.16359,51.68622
-1.34675,53.70625
19.97114,50.06761
9.54377,45.18748
-3.16359,51.68622
-1.34675,53.70625
19.97114,50.06761
9.54377,45.18748
19.97114,50.06761
9.54377,45.18748
-3.70375,40.61431
-1.34675,53.70625
15.71727,45.86644
9.54377,45.18748
-3.70375,40.61431
-1.34675,53.70625
15.71727,45.86644
9.54377,45.18748
-3.70375,40.61431
-1.34675,53.70625
15.71727,45.86644
9.54377,45.18748
-3.16359,51.68622
-1.34675,53.70625
-3.70375,40.61431
9.54377,45.18748
17.98824,49.90528
-1.34675,53.70625
17.98824,49.90528
-1.34675,53.70625
17.98824,49.90528
-1.34675,53.70625
-0.7812,41.65185
0.27814,50.79476
-0.7812,41.65185
19.36585,47.59803
-0.7812,41.65185
0.27814,50.79476
-0.7812,41.65185
0.27814,50.79476
21.63267,47.50712
-1.34675,53.70625
21.63267,47.50712
9.54377,45.18748
-0.7812,41.65185
0.27814,50.79476
6.12969,49.60959
9.84589,48.22849
11.4249,47.91394
9.54377,45.18748
-0.7812,41.65185
0.27814,50.79476
-0.7812,41.65185
19.36585,47.59803
-0.7812,41.65185
0.27814,50.79476
-0.7812,41.65185
19.36585,47.59803
-0.7812,41.65185
0.27814,50.79476
21.63267,47.50712
-1.34675,53.70625
21.63267,47.50712
9.54377,45.18748
-0.7812,41.65185
0.27814,50.79476
21.63267,47.50712
-1.34675,53.70625
21.63267,47.50712
9.54377,45.18748
-0.7812,41.65185
0.27814,50.79476
21.63267,47.50712
-1.34675,53.70625
21.63267,47.50712
9.54377,45.18748
-0.7812,41.65185
0.27814,50.79476
21.63267,47.50712
-1.34675,53.70625
21.63267,47.50712
9.54377,45.18748
19.97114,50.06761
-1.34675,53.70625
19.97114,50.06761
-1.34675,53.70625
21.63267,47.50712
-1.34675,53.70625
21.63267,47.50712
-1.34675,53.70625
21.63267,47.50712
9.54377,45.18748
14.5281,35.8548
26.0047,44.5244
14.5281,35.8548
26.0047,44.5244
14.5281,35.8548
26.0047,44.5244
4.66142,52.3662
15.71727,45.86644
19.97114,50.06761
10.84386,59.76009
14.5281,35.8548
26.0047,44.5244
23.11851,42.23429
15.71727,45.86644
14.5281,35.8548
26.0047,44.5244
5.11519,47.31025
9.60208,45.59983
19.97114,50.06761
23.76825,61.45415
4.29591,51.06361
26.0047,44.5244
8.97942,45.55209
15.71727,45.86644
19.97114,50.06761
23.76825,61.45415
26.0047,44.5244
15.71727,45.86644
21.63267,47.50712
12.50223,41.66951
18.38961,43.86509
15.71727,45.86644
12.14902,49.01138
9.60208,45.59983
2.0645,49.06687
15.71727,45.86644
19.97114,50.06761
10.84386,59.76009
14.5281,35.8548
26.0047,44.5244
26.54679,43.51693
15.71727,45.86644
4.87053,52.3348
23.76825,61.45415
14.5281,35.8548
26.0047,44.5244
8.97942,45.55209
15.71727,45.86644
-6.42491,54.44379
23.76825,61.45415
14.5281,35.8548
26.0047,44.5244
8.97942,45.55209
15.71727,45.86644
-1.1969,52.77677
23.76825,61.45415
14.5281,35.8548
26.0047,44.5244
8.97942,45.55209
15.71727,45.86644
21.63267,47.50712
15.71727,45.86644
5.11519,47.31025
9.60208,45.59983
12.14902,49.01138
15.71727,45.86644
5.11519,47.31025
9.60208,45.59983
9.99995,48.37219
15.71727,45.86644
17.98824,49.90528
9.60208,45.59983
14.5281,35.8548
15.71727,45.86644
17.98824,49.90528
9.60208,45.59983
-0.7812,41.65185
15.71727,45.86644
17.98824,49.90528
9.60208,45.59983
-0.7812,41.65185
15.71727,45.86644
9.99995,48.37219
9.42372,45.57198
8.47773,49.90768
9.60208,45.59983
9.99995,48.37219
15.71727,45.86644
8.47773,49.90768
9.60208,45.59983
9.99995,48.37219
15.71727,45.86644
8.47773,49.90768
9.60208,45.59983
-1.55663,42.86594
15.71727,45.86644
8.47773,49.90768
9.60208,45.59983
-1.55663,42.86594
15.71727,45.86644
-0.7812,41.65185
15.71727,45.86644
6.12969,49.60959
-0.47818,52.10853
-0.7812,41.65185
15.71727,45.86644
6.12969,49.60959
-0.47818,52.10853
-0.7812,41.65185
15.71727,45.86644
26.0047,44.5244
24.70915,42.87571
-0.7812,41.65185
15.71727,45.86644
5.4892,50.96879
23.9786,37.87725
19.97114,50.06761
15.71727,45.86644
5.4892,50.96879
23.9786,37.87725
19.97114,50.06761
15.71727,45.86644
17.98824,49.90528
23.9786,37.87725
4.29591,51.06361
23.75713,38.05621
17.98824,49.90528
15.71727,45.86644
-4.15296,51.09697
23.40548,42.6607
8.54076,49.05756
15.71727,45.86644
4.66142,52.3662
-6.42491,54.44379
19.36585,47.59803
15.71727,45.86644
26.0047,44.5244
27.5631,53.90255
19.97114,50.06761
15.71727,45.86644
21.63267,47.50712
2.68702,49.03962
19.97114,50.06761
15.71727,45.86644
26.0047,44.5244
23.11851,42.23429
-7.11604,52.26315
15.71727,45.86644
7.80036,47.29705
23.11851,42.23429
-7.11604,52.26315
15.71727,45.86644
4.33999,51.12349
23.11851,42.23429
-0.7812,41.65185
-9.04433,38.90493
19.97114,50.06761
15.71727,45.86644
3.15493,46.95181
2.68702,49.03962
26.54679,43.51693
-1.34675,53.70625
3.15493,46.95181
2.68702,49.03962
21.94251,42.98548
23.11851,42.23429
-3.24338,40.6296
-8.54781,41.21752
21.94251,42.98548
23.11851,42.23429
4.71946,51.0633
2.68702,49.03962
9.99995,48.37219
-1.34675,53.70625
3.15493,46.95181
2.68702,49.03962
26.54679,43.51693
-1.34675,53.70625
-2.14067,52.88647
1.95981,47.81479
24.70915,42.87571
26.0047,44.5244
14.5281,35.8548
1.95981,47.81479
23.11851,42.23429
26.0047,44.5244
9.99995,48.37219
-0.7812,41.65185
4.66142,52.3662
-0.7812,41.65185
4.66142,52.3662
-0.7812,41.65185
23.11851,42.23429
-0.7812,41.65185
23.11851,42.23429
26.0047,44.5244
9.99995,48.37219
-0.7812,41.65185
15.96758,45.80724
1.95981,47.81479
23.11851,42.23429
26.0047,44.5244
9.99995,48.37219
-0.7812,41.65185
2.31988,48.60094
1.95981,47.81479
23.11851,42.23429
26.0047,44.5244
9.99995,48.37219
-0.7812,41.65185
19.97114,50.06761
1.95981,47.81479
23.11851,42.23429
26.0047,44.5244
9.99995,48.37219
-0.7812,41.65185
19.97114,50.06761
1.95981,47.81479
24.70915,42.87571
26.0047,44.5244
5.4892,50.96879
1.95981,47.81479
24.70915,42.87571
26.0047,44.5244
11.66934,48.32394
1.95981,47.81479
24.70915,42.87571
26.0047,44.5244
8.54076,49.05756
-0.7812,41.65185
11.66934,48.32394
1.95981,47.81479
23.11851,42.23429
26.0047,44.5244
8.54076,49.05756
-0.7812,41.65185
11.66934,48.32394
1.95981,47.81479
19.97114,50.06761
1.95981,47.81479
23.11851,42.23429
26.0047,44.5244
8.5877,49.91809
1.95981,47.81479
23.11851,42.23429
26.0047,44.5244
4.87053,52.3348
3.22516,50.65843
19.97114,50.06761
-0.7812,41.65185
19.97114,50.06761
-0.7812,41.65185
19.97114,50.06761
-0.7812,41.65185
23.11851,42.23429
26.0047,44.5244
-1.55663,42.86594
-0.7812,41.65185
26.0047,44.5244
13.32221,52.36457
23.11851,42.23429
26.0047,44.5244
7.68361,51.99818
-0.7812,41.65185
26.0047,44.5244
13.32221,52.36457
23.11851,42.23429
26.0047,44.5244
25.73181,41.0826
-0.7812,41.65185
26.0047,44.5244
13.32221,52.36457
23.11851,42.23429
26.0047,44.5244
2.22755,41.56436
-0.7812,41.65185
23.11851,42.23429
26.0047,44.5244
24.70915,42.87571
24.11487,56.94598
23.11851,42.23429
26.0047,44.5244
3.59826,47.84845
-0.7812,41.65185
23.11851,42.23429
24.11487,56.94598
23.11851,42.23429
26.0047,44.5244
-3.24338,40.6296
-0.7812,41.65185
26.54679,43.51693
24.11487,56.94598
23.11851,42.23429
26.0047,44.5244
-3.24338,40.6296
-0.7812,41.65185
27.5631,53.90255
13.32221,52.36457
23.11851,42.23429
26.0047,44.5244
23.11851,42.23429
26.0047,44.5244
23.11851,42.23429
26.0047,44.5244
2.46511,48.98555
-0.7812,41.65185
14.46254,35.88926
-0.7812,41.65185
26.54679,43.51693
26.0047,44.5244
21.63267,47.50712
-0.7812,41.65185
26.54679,43.51693
26.0047,44.5244
21.63267,47.50712
-0.7812,41.65185
26.54679,43.51693
26.0047,44.5244
21.63267,47.50712
-0.7812,41.65185
8.5877,49.91809
-0.7812,41.65185
23.11851,42.23429
26.0047,44.5244
19.97114,50.06761
-0.7812,41.65185
23.11851,42.23429
26.0047,44.5244
-7.11604,52.26315
-0.7812,41.65185
26.54679,43.51693
26.0047,44.5244
-7.11604,52.26315
-0.7812,41.65185
26.54679,43.51693
26.0047,44.5244
21.63267,47.50712
-0.7812,41.65185
26.54679,43.51693
26.0047,44.5244
26.54679,43.51693
26.0047,44.5244
26.54679,43.51693
26.0047,44.5244
26.54679,43.51693
26.0047,44.5244
-2.65489,53.31486
29.13086,41.03355
-1.1969,52.77677
10.84386,59.76009
12.14902,49.01138
15.71727,45.86644
-1.1969,52.77677
10.84386,59.76009
14.3025,48.28759
17.48118,59.17511
14.5281,35.8548
26.0047,44.5244
4.87053,52.3348
15.96758,45.80724
5.4892,50.96879
17.48118,59.17511
14.5281,35.8548
26.0047,44.5244
9.99995,48.37219
17.92097,59.27153
4.87053,52.3348
10.84386,59.76009
4.87053,52.3348
15.71727,45.86644
-1.1969,52.77677
10.84386,59.76009
4.87053,52.3348
15.71727,45.86644
12.28148,56.06413
17.48118,59.17511
8.97942,45.55209
26.0047,44.5244
4.87053,52.3348
15.96758,45.80724
12.28148,56.06413
17.48118,59.17511
8.97942,45.55209
26.0047,44.5244
4.87053,52.3348
15.96758,45.80724
12.28148,56.06413
17.48118,59.17511
14.5281,35.8548
26.0047,44.5244
4.87053,52.3348
15.96758,45.80724
12.28148,56.06413
17.48118,59.17511
14.5281,35.8548
26.0047,44.5244
4.87053,52.3348
15.96758,45.80724
23.59423,38.30957
17.48118,59.17511
23.59423,38.30957
17.48118,59.17511
8.97942,45.55209
17.48118,59.17511
8.97942,45.55209
17.48118,59.17511
23.11851,42.23429
17.48118,59.17511
23.11851,42.23429
17.48118,59.17511
23.11851,42.23429
17.48118,59.17511
2.4724,48.8508
17.48118,59.17511
8.97942,45.55209
17.48118,59.17511
8.97942,45.55209
17.48118,59.17511
14.5281,35.8548
17.48118,59.17511
14.5281,35.8548
17.48118,59.17511
-1.31842,52.07289
17.48118,59.17511
12.60148,55.65302
17.48118,59.17511
1.71577,41.38097
17.48118,59.17511
1.71577,41.38097
17.48118,59.17511
14.5281,35.8548
17.48118,59.17511
14.5281,35.8548
17.48118,59.17511
8.05117,51.86388
17.48118,59.17511
5.4892,50.96879
17.48118,59.17511
8.05117,51.86388
17.48118,59.17511
12.28148,56.06413
17.48118,59.17511
12.28148,56.06413
17.48118,59.17511
12.28148,56.06413
17.48118,59.17511
5.4892,50.96879
17.48118,59.17511
5.4892,50.96879
17.48118,59.17511
5.4892,50.96879
17.48118,59.17511
5.4892,50.96879
17.48118,59.17511
5.4892,50.96879
17.48118,59.17511
5.4892,50.96879
17.48118,59.17511
5.4892,50.96879
12.14902,49.01138
5.4892,50.96879
16.73112,49.19228
4.87053,52.3348
9.95278,48.34412
19.38917,51.63789
16.73112,49.19228
26.54679,43.51693
9.95278,48.34412
-0.7812,41.65185
16.73112,49.19228
26.54679,43.51693
9.95278,48.34412
-0.7812,41.65185
16.73112,49.19228
5.4892,50.96879
16.73112,49.19228
19.97114,50.06761
9.95278,48.34412
17.98824,49.90528
16.73112,49.19228
14.5281,35.8548
9.95278,48.34412
-3.24338,40.6296
9.95278,48.34412
17.98824,49.90528
16.73112,49.19228
-1.60605,55.10275
9.95278,48.34412
17.98824,49.90528
16.73112,49.19228
-1.60605,55.10275
9.95278,48.34412
17.98824,49.90528
16.73112,49.19228
-1.60605,55.10275
9.95278,48.34412
17.98824,49.90528
16.73112,49.19228
-3.16359,51.68622
9.95278,48.34412
19.97114,50.06761
16.73112,49.19228
19.97114,50.06761
23.79362,42.90856
19.97114,50.06761
16.73112,49.19228
8.47773,49.90768
7.62813,49.78268
19.97114,50.06761
16.73112,49.19228
6.12969,49.60959
6.6271,51.27314
-7.11604,52.26315
16.73112,49.19228
18.08697,49.95322
16.73112,49.19228
-1.31842,52.07289
9.95278,48.34412
-3.16359,51.68622
16.73112,49.19228
19.97114,50.06761
6.6271,51.27314
6.12969,49.60959
6.6271,51.27314
-7.11604,52.26315
16.73112,49.19228
23.11851,42.23429
6.6271,51.27314
18.65119,54.35314
16.73112,49.19228
21.57595,47.599
6.6271,51.27314
21.63267,47.50712
16.73112,49.19228
18.9201,49.06154
6.6271,51.27314
1.95981,47.81479
16.73112,49.19228
4.66142,52.3662
9.99995,48.37219
-4.15296,51.09697
-3.32299,40.56113
8.97942,45.55209
9.99995,48.37219
17.98824,49.90528
-0.7812,41.65185
8.97942,45.55209
9.99995,48.37219
21.63267,47.50712
-0.7812,41.65185
19.97114,50.06761
9.14346,49.17749
21.63267,47.50712
-0.7812,41.65185
1.95981,47.81479
16.73112,49.19228
21.63267,47.50712
26.0047,44.5244
8.47773,49.90768
-3.32299,40.56113
4.66142,52.3662
9.99995,48.37219
-4.15296,51.09697
-3.32299,40.56113
33.02014,34.71757
17.48118,59.17511
21.63267,47.50712
-0.7812,41.65185
17.00516,62.35274
17.48118,59.17511
21.63267,47.50712
-0.7812,41.65185
15.4714,60.4714
17.48118,59.17511
21.63267,47.50712
-0.7812,41.65185
19.97114,50.06761
17.48118,59.17511
12.74518,48.05525
17.48118,59.17511
4.87053,52.3348
-0.7812,41.65185
24.70915,42.87571
17.48118,59.17511
4.87053,52.3348
-0.7812,41.65185
24.70915,42.87571
17.48118,59.17511
4.87053,52.3348
-0.7812,41.65185
7.02442,43.62672
17.48118,59.17511
4.87053,52.3348
-0.7812,41.65185
4.87053,52.3348
-0.7812,41.65185
9.93518,51.53506
17.48118,59.17511
4.87053,52.3348
-0.7812,41.65185
9.93518,51.53506
17.48118,59.17511
4.87053,52.3348
-0.7812,41.65185
12.74518,48.05525
17.48118,59.17511
4.87053,52.3348
-0.7812,41.65185
23.11851,42.23429
17.48118,59.17511
12.14902,49.01138
-0.7812,41.65185
23.11851,42.23429
17.48118,59.17511
8.54076,49.05756
-0.7812,41.65185
23.11851,42.23429
17.48118,59.17511
9.99995,48.37219
16.47613,48.31426
9.99995,48.37219
16.47613,48.31426
23.73643,37.97613
16.47613,48.31426
23.11851,42.23429
16.47613,48.31426
23.11851,42.23429
16.47613,48.31426
23.11851,42.23429
16.47613,48.31426
9.99995,48.37219
16.47613,48.31426
9.60208,45.59983
16.47613,48.31426
24.70915,42.87571
16.47613,48.31426
24.70915,42.87571
16.47613,48.31426
9.99995,48.37219
16.47613,48.31426
23.11851,42.23429
16.47613,48.31426
33.02014,34.71757
16.47613,48.31426
1.71577,41.38097
16.47613,48.31426
14.5281,35.8548
16.47613,48.31426
14.5281,35.8548
16.47613,48.31426
3.59826,47.84845
16.47613,48.31426
23.59423,38.30957
16.47613,48.31426
23.59423,38.30957
16.47613,48.31426
23.59423,38.30957
16.47613,48.31426
23.11851,42.23429
16.47613,48.31426
23.11851,42.23429
16.47613,48.31426
-1.53962,43.14544
16.47613,48.31426
-0.7812,41.65185
16.47613,48.31426
-0.7812,41.65185
16.47613,48.31426
-1.31842,52.07289
16.47613,48.31426
-1.31842,52.07289
16.47613,48.31426
-1.31842,52.07289
16.47613,48.31426
5.4892,50.96879
16.47613,48.31426
14.5281,35.8548
16.47613,48.31426
14.51,35.815
16.47613,48.31426
-1.31842,52.07289
16.47613,48.31426
23.11851,42.23429
-1.34675,53.70625
23.11851,42.23429
-1.34675,53.70625
23.11851,42.23429
-1.34675,53.70625
23.11851,42.23429
-1.34675,53.70625
23.11851,42.23429
-1.34675,53.70625
23.11851,42.23429
-1.34675,53.70625
-0.7812,41.65185
16.47613,48.31426
-0.7812,41.65185
16.47613,48.31426
17.98824,49.90528
16.47613,48.31426
-3.70375,40.61431
16.47613,48.31426
9.99995,48.37219
16.47613,48.31426
9.99995,48.37219
16.47613,48.31426
9.99995,48.37219
16.47613,48.31426
9.99995,48.37219
16.47613,48.31426
9.99995,48.37219
16.47613,48.31426
9.99995,48.37219
16.47613,48.31426
9.99995,48.37219
16.47613,48.31426
9.99995,48.37219
16.47613,48.31426
5.4892,50.96879
114.05956,22.54286
2.29326,49.89469
-1.31842,52.07289
5.4892,50.96879
114.05956,22.54286
-9.04831,53.27395
-1.31842,52.07289
21.63267,47.50712
9.03647,45.44867
23.11851,42.23429
11.10011,60.02501
15.79929,40.63723
14.53446,35.85862
23.11851,42.23429
14.53446,35.85862
5.4892,50.96879
14.53446,35.85862
2.29326,49.89469
-1.31842,52.07289
-1.34675,53.70625
14.53446,35.85862
-6.24889,53.3331
14.53446,35.85862
6.12969,49.60959
7.80036,47.29705
9.99995,48.37219
7.80036,47.29705
9.99995,48.37219
7.80036,47.29705
5.43132,50.63698
-2.65489,53.31486
9.77063,52.09333
7.80036,47.29705
4.87053,52.3348
7.80036,47.29705
6.12969,49.60959
7.80036,47.29705
-1.31842,52.07289
11.10011,60.02501
-1.31842,52.07289
11.10011,60.02501
5.43132,50.63698
-2.65489,53.31486
4.87053,52.3348
9.95278,48.34412
3.59826,47.84845
7.80036,47.29705
4.87053,52.3348
9.95278,48.34412
2.4724,48.8508
7.80036,47.29705
4.87053,52.3348
9.95278,48.34412
4.87053,52.3348
9.95278,48.34412
4.87053,52.3348
9.95278,48.34412
4.66142,52.3662
7.80036,47.29705
4.87053,52.3348
9.95278,48.34412
23.11851,42.23429
7.80036,47.29705
4.87053,52.3348
9.95278,48.34412
23.11851,42.23429
7.80036,47.29705
4.87053,52.3348
9.95278,48.34412
23.11851,42.23429
7.80036,47.29705
4.87053,52.3348
9.95278,48.34412
9.99995,48.37219
7.80036,47.29705
9.99995,48.37219
7.80036,47.29705
9.99995,48.37219
7.80036,47.29705
4.66142,52.3662
7.80036,47.29705
4.87053,52.3348
9.95278,48.34412
2.4724,48.8508
7.80036,47.29705
-2.65489,53.31486
7.80036,47.29705
9.61389,45.73885
9.95278,48.34412
8.79512,44.76518
9.95278,48.34412
5.91567,52.9528
9.95278,48.34412
3.59826,47.84845
9.95278,48.34412
8.97942,45.55209
7.80036,47.29705
23.79362,42.90856
9.95278,48.34412
8.97942,45.55209
7.80036,47.29705
19.26856,48.80064
9.95278,48.34412
14.5281,35.8548
7.80036,47.29705
9.25528,45.3944
9.95278,48.34412
14.5281,35.8548
7.80036,47.29705
9.25528,45.3944
9.95278,48.34412
23.59423,38.30957
7.80036,47.29705
-6.42491,54.44379
7.80036,47.29705
8.97942,45.55209
7.80036,47.29705
14.51,35.815
9.95278,48.34412
8.97942,45.55209
7.80036,47.29705
14.51,35.815
9.95278,48.34412
6.12969,49.60959
2.12297,41.33596
4.87053,52.3348
23.46805,42.68695
4.87053,52.3348
23.46805,42.68695
17.98824,49.90528
26.0047,44.5244
21.94251,42.98548
26.0047,44.5244
21.94251,42.98548
26.0047,44.5244
21.63267,47.50712
37.61501,55.75696
26.10298,44.43429
26.0047,44.5244
26.10298,44.43429
26.0047,44.5244
17.98824,49.90528
26.0047,44.5244
-1.31842,52.07289
14.53446,35.85862
-1.31842,52.07289
14.53446,35.85862
-0.7812,41.65185
10.84386,59.76009
4.87053,52.3348
5.43132,50.63698
24.70915,42.87571
14.53446,35.85862
-1.31842,52.07289
14.53446,35.85862
9.99995,48.37219
23.46805,42.68695
9.99995,48.37219
23.46805,42.68695
14.46254,35.88926
23.46805,42.68695
-0.7812,41.65185
10.84386,59.76009
-1.31842,52.07289
14.53446,35.85862
-1.31842,52.07289
14.53446,35.85862
-1.31842,52.07289
14.53446,35.85862
-1.31842,52.07289
14.53446,35.85862
-1.31842,52.07289
14.53446,35.85862
-1.31842,52.07289
14.53446,35.85862
-1.31842,52.07289
14.53446,35.85862
-1.31842,52.07289
14.53446,35.85862
-1.31842,52.07289
14.53446,35.85862
-1.31842,52.07289
14.53446,35.85862
14.5281,35.8548
9.95278,48.34412
12.14902,49.01138
23.90997,54.89454
25.73181,41.0826
9.95278,48.34412
9.99995,48.37219
23.90997,54.89454
25.73181,41.0826
9.95278,48.34412
9.99995,48.37219
23.90997,54.89454
25.73181,41.0826
9.95278,48.34412
9.99995,48.37219
23.90997,54.89454
25.73181,41.0826
9.95278,48.34412
4.66142,52.3662
23.90997,54.89454
5.51163,51.25501
9.95278,48.34412
4.66142,52.3662
23.90997,54.89454
9.99995,48.37219
23.90997,54.89454
25.73181,41.0826
9.95278,48.34412
9.99995,48.37219
23.90997,54.89454
25.73181,41.0826
9.95278,48.34412
9.99995,48.37219
23.90997,54.89454
25.73181,41.0826
9.95278,48.34412
9.99995,48.37219
23.90997,54.89454
25.73181,41.0826
9.95278,48.34412
5.51163,51.25501
9.95278,48.34412
24.70915,42.87571
23.90997,54.89454
5.51163,51.25501
9.95278,48.34412
24.70915,42.87571
23.90997,54.89454
14.5281,35.8548
9.95278,48.34412
24.70915,42.87571
23.90997,54.89454
23.58828,38.05899
9.95278,48.34412
23.11851,42.23429
23.90997,54.89454
-0.7812,41.65185
9.95278,48.34412
23.11851,42.23429
23.90997,54.89454
-0.7812,41.65185
9.95278,48.34412
23.11851,42.23429
23.90997,54.89454
23.11851,42.23429
23.90997,54.89454
-8.51348,40.18679
9.95278,48.34412
23.11851,42.23429
23.90997,54.89454
18.4271,54.06913
9.95278,48.34412
23.11851,42.23429
23.90997,54.89454
18.4271,54.06913
9.95278,48.34412
23.11851,42.23429
23.90997,54.89454
-0.7812,41.65185
9.95278,48.34412
23.11851,42.23429
23.90997,54.89454
-0.7812,41.65185
9.95278,48.34412
23.11851,42.23429
23.90997,54.89454
-0.7812,41.65185
9.95278,48.34412
23.11851,42.23429
23.90997,54.89454
-0.7812,41.65185
9.95278,48.34412
26.54679,43.51693
23.90997,54.89454
9.99995,48.37219
7.48823,47.44273
-0.7812,41.65185
9.95278,48.34412
-0.7812,41.65185
9.95278,48.34412
26.0047,44.5244
37.61501,55.75696
8.97942,45.55209
23.90997,54.89454
24.70915,42.87571
37.61501,55.75696
-0.7812,41.65185
9.95278,48.34412
8.97942,45.55209
23.90997,54.89454
23.11851,42.23429
37.61501,55.75696
26.0047,44.5244
37.61501,55.75696
26.0047,44.5244
37.61501,55.75696
8.97942,45.55209
23.90997,54.89454
9.99995,48.37219
7.48823,47.44273
-0.7812,41.65185
9.95278,48.34412
8.97942,45.55209
23.90997,54.89454
9.99995,48.37219
7.48823,47.44273
-0.7812,41.65185
9.95278,48.34412
8.97942,45.55209
23.90997,54.89454
9.99995,48.37219
7.48823,47.44273
-0.7812,41.65185
9.95278,48.34412
8.97942,45.55209
23.90997,54.89454
16.55678,48.12131
26.10298,44.43429
-0.7812,41.65185
9.95278,48.34412
14.5281,35.8548
23.90997,54.89454
-0.7812,41.65185
9.95278,48.34412
14.5281,35.8548
23.90997,54.89454
-0.7812,41.65185
9.95278,48.34412
14.5281,35.8548
23.90997,54.89454
26.0047,44.5244
37.61501,55.75696
-0.7812,41.65185
9.95278,48.34412
14.5281,35.8548
23.90997,54.89454
26.0047,44.5244
37.61501,55.75696
17.98824,49.90528
9.95278,48.34412
-0.7812,41.65185
9.95278,48.34412
14.5281,35.8548
23.90997,54.89454
-0.7812,41.65185
9.95278,48.34412
-0.7812,41.65185
23.90997,54.89454
26.0047,44.5244
37.61501,55.75696
26.0047,44.5244
37.61501,55.75696
26.0047,44.5244
37.61501,55.75696
26.0047,44.5244
37.61501,55.75696
-4.15296,51.09697
23.90997,54.89454
26.0047,44.5244
37.61501,55.75696
17.98824,49.90528
9.95278,48.34412
5.4892,50.96879
114.05956,22.54286
5.4892,50.96879
23.90997,54.89454
26.0047,44.5244
37.61501,55.75696
17.98824,49.90528
9.95278,48.34412
5.4892,50.96879
114.05956,22.54286
-0.7812,41.65185
23.90997,54.89454
26.0047,44.5244
37.61501,55.75696
19.36585,47.59803
9.95278,48.34412
-0.7812,41.65185
23.90997,54.89454
26.0047,44.5244
37.61501,55.75696
15.71727,45.86644
9.95278,48.34412
12.65616,41.57861
7.80036,47.29705
14.5281,35.8548
7.80036,47.29705
1.71577,41.38097
9.95278,48.34412
1.71577,41.38097
9.95278,48.34412
-1.55663,42.86594
9.95278,48.34412
17.98824,49.90528
7.80036,47.29705
-6.42491,54.44379
9.95278,48.34412
-3.70375,40.61431
7.80036,47.29705
1.71577,41.38097
9.95278,48.34412
5.4892,50.96879
7.80036,47.29705
1.71577,41.38097
9.95278,48.34412
19.97114,50.06761
7.80036,47.29705
1.71577,41.38097
9.95278,48.34412
-0.7812,41.65185
7.80036,47.29705
-0.7812,41.65185
7.80036,47.29705
23.39491,38.36246
9.95278,48.34412
-0.7812,41.65185
7.80036,47.29705
23.39491,38.36246
9.95278,48.34412
17.98824,49.90528
7.80036,47.29705
23.39491,38.36246
9.95278,48.34412
17.43722,50.44128
7.80036,47.29705
17.43722,50.44128
7.80036,47.29705
17.43722,50.44128
7.80036,47.29705
15.71727,45.86644
1.95981,47.81479
-1.1969,52.77677
9.95278,48.34412
15.71727,45.86644
1.95981,47.81479
-1.35205,51.85159
9.95278,48.34412
15.71727,45.86644
1.95981,47.81479
-0.7812,41.65185
1.95981,47.81479
19.97114,50.06761
17.40378,48.21132
-1.1969,52.77677
9.95278,48.34412
-0.7812,41.65185
1.95981,47.81479
23.11851,42.23429
12.52584,55.6484
-1.1969,52.77677
9.95278,48.34412
-0.7812,41.65185
1.95981,47.81479
23.11851,42.23429
12.52584,55.6484
-1.1969,52.77677
9.95278,48.34412
17.98824,49.90528
1.95981,47.81479
-1.1969,52.77677
9.95278,48.34412
21.63267,47.50712
7.80036,47.29705
-1.55663,42.86594
9.95278,48.34412
-0.7812,41.65185
1.95981,47.81479
9.99995,48.37219
17.40378,48.21132
-1.55663,42.86594
9.95278,48.34412
-0.7812,41.65185
1.95981,47.81479
9.99995,48.37219
17.40378,48.21132
14.5281,35.8548
9.95278,48.34412
-0.7812,41.65185
1.95981,47.81479
-0.7812,41.65185
17.40378,48.21132
-1.1969,52.77677
9.95278,48.34412
9.93518,51.53506
12.131,55.4448
9.93518,51.53506
12.131,55.4448
13.37698,52.51607
12.131,55.4448
17.79752,48.42725
12.131,55.4448
-3.24338,40.6296
9.95278,48.34412
4.66142,52.3662
23.39491,38.36246
-9.04831,53.27395
9.95278,48.34412
4.66142,52.3662
23.39491,38.36246
21.63267,47.50712
1.95981,47.81479
24.70915,42.87571
12.131,55.4448
-1.47887,49.10292
9.95278,48.34412
5.4892,50.96879
33.34614,35.1251
24.70915,42.87571
12.131,55.4448
-1.47887,49.10292
9.95278,48.34412
4.87053,52.3348
23.39491,38.36246
1.03824,49.4121
9.95278,48.34412
4.87053,52.3348
23.39491,38.36246
12.60148,55.65302
9.95278,48.34412
-7.11604,52.26315
1.95981,47.81479
24.70915,42.87571
12.131,55.4448
-3.24338,40.6296
9.95278,48.34412
-7.11604,52.26315
1.95981,47.81479
24.70915,42.87571
12.131,55.4448
-2.65489,53.31486
9.95278,48.34412
21.63267,47.50712
1.95981,47.81479
24.70915,42.87571
12.131,55.4448
-2.65489,53.31486
9.95278,48.34412
21.63267,47.50712
1.95981,47.81479
24.70915,42.87571
12.131,55.4448
-2.65489,53.31486
9.95278,48.34412
2.0645,49.06687
9.95278,48.34412
23.11851,42.23429
23.39491,38.36246
2.0645,49.06687
9.95278,48.34412
4.87053,52.3348
23.90997,54.89454
14.5281,35.8548
23.39491,38.36246
14.5281,35.8548
9.95278,48.34412
19.97114,50.06761
23.39491,38.36246
14.5281,35.8548
9.95278,48.34412
21.63267,47.50712
23.39491,38.36246
14.5281,35.8548
9.95278,48.34412
4.87053,52.3348
23.90997,54.89454
14.5281,35.8548
9.95278,48.34412
23.11851,42.23429
23.39491,38.36246
2.0645,49.06687
9.95278,48.34412
8.97942,45.55209
23.39491,38.36246
2.0645,49.06687
9.95278,48.34412
8.97942,45.55209
23.39491,38.36246
14.51,35.815
9.95278,48.34412
8.97942,45.55209
23.39491,38.36246
14.5281,35.8548
9.95278,48.34412
5.4892,50.96879
114.05956,22.54286
-9.04831,53.27395
1.95981,47.81479
-1.31842,52.07289
5.4892,50.96879
24.20856,56.91058
1.95981,47.81479
-1.31842,52.07289
5.4892,50.96879
-0.7812,41.65185
1.95981,47.81479
-1.31842,52.07289
5.4892,50.96879
-0.7812,41.65185
1.95981,47.81479
-9.04831,53.27395
5.4892,50.96879
-9.04831,53.27395
1.95981,47.81479
-9.04831,53.27395
1.95981,47.81479
-9.04831,53.27395
1.95981,47.81479
-1.31842,52.07289
5.4892,50.96879
-9.04831,53.27395
1.95981,47.81479
-1.31842,52.07289
5.4892,50.96879
-2.65489,53.31486
1.95981,47.81479
-0.7812,41.65185
1.95981,47.81479
2.0645,49.06687
5.4892,50.96879
2.0645,49.06687
5.4892,50.96879
2.0645,49.06687
5.4892,50.96879
2.0645,49.06687
5.4892,50.96879
17.7876,59.7237
5.4892,50.96879
8.17916,48.867
5.4892,50.96879
11.58987,48.01846
5.4892,50.96879
20.59449,52.19753
5.4892,50.96879
25.97241,44.47342
5.4892,50.96879
25.97241,44.47342
5.4892,50.96879
25.97241,44.47342
5.4892,50.96879
20.59449,52.19753
5.4892,50.96879
23.46805,42.68695
5.4892,50.96879
29.55005,40.91554
5.4892,50.96879
8.74943,45.2823
5.4892,50.96879
8.74943,45.2823
5.4892,50.96879
21.94251,42.98548
5.4892,50.96879
21.94251,42.98548
5.4892,50.96879
4.61264,51.56009
5.4892,50.96879
4.61264,51.56009
5.4892,50.96879
4.61264,51.56009
5.4892,50.96879
12.28148,56.06413
5.4892,50.96879
8.5877,49.91809
5.4892,50.96879
8.5877,49.91809
5.4892,50.96879
-1.55663,42.86594
10.84386,59.76009
12.11308,57.65775
10.84386,59.76009
17.98824,49.90528
-3.32299,40.56113
17.98824,49.90528
-3.32299,40.56113
8.5877,49.91809
5.4892,50.96879
8.5877,49.91809
5.4892,50.96879
8.5877,49.91809
5.4892,50.96879
9.99995,48.37219
10.84386,59.76009
8.5877,49.91809
5.4892,50.96879
19.36585,47.59803
9.99995,48.37219
4.90808,44.92349
2.68702,49.03962
-3.24338,40.6296
-1.34675,53.70625
23.11851,42.23429
23.9816,56.92522
8.47773,49.90768
-1.34675,53.70625
5.4892,50.96879
5.29453,45.56734
12.74518,48.05525
5.4892,50.96879
19.97114,50.06761
-1.34675,53.70625
23.59423,38.30957
-6.24827,53.34807
12.74518,48.05525
5.4892,50.96879
23.11851,42.23429
-3.70375,40.61431
-3.24338,40.6296
-1.34675,53.70625
17.43722,50.44128
2.68702,49.03962
-3.24338,40.6296
-1.34675,53.70625
4.87053,52.3348
1.95981,47.81479
5.29453,45.56734
5.4892,50.96879
2.4724,48.8508
5.4892,50.96879
2.4724,48.8508
5.4892,50.96879
2.4724,48.8508
5.4892,50.96879
-8.19008,53.63035
-6.24827,53.34807
12.74518,48.05525
5.4892,50.96879
23.11851,42.23429
-3.70375,40.61431
5.4892,50.96879
-6.24827,53.34807
12.74518,48.05525
5.4892,50.96879
6.12969,49.60959
-8.93311,38.68911
13.37698,52.51607
1.95981,47.81479
9.99995,48.37219
5.4892,50.96879
6.12969,49.60959
1.95981,47.81479
13.37698,52.51607
1.95981,47.81479
5.29453,45.56734
5.4892,50.96879
6.12969,49.60959
1.95981,47.81479
8.54076,49.05756
1.95981,47.81479
14.53446,35.85862
2.03457,49.34721
8.54076,49.05756
1.95981,47.81479
23.59423,38.30957
5.4892,50.96879
9.99995,48.37219
4.53486,51.66403
9.99995,48.37219
1.95981,47.81479
23.59423,38.30957
5.4892,50.96879
9.99995,48.37219
16.37843,48.24216
9.99995,48.37219
1.95981,47.81479
23.90997,54.89454
5.4892,50.96879
33.02014,34.71757
26.0047,44.5244
6.12969,49.60959
1.95981,47.81479
4.87053,52.3348
1.95981,47.81479
9.99995,48.37219
2.03457,49.34721
4.87053,52.3348
1.95981,47.81479
5.98893,51.2006
2.03457,49.34721
-6.24827,53.34807
5.4892,50.96879
5.8673,52.95982
5.4892,50.96879
5.8673,52.95982
5.4892,50.96879
9.99995,48.37219
1.95981,47.81479
8.97942,45.55209
5.4892,50.96879
23.85836,37.94962
9.95278,48.34412
9.99995,48.37219
1.95981,47.81479
8.97942,45.55209
5.4892,50.96879
4.87053,52.3348
9.95278,48.34412
9.99995,48.37219
1.95981,47.81479
8.97942,45.55209
5.4892,50.96879
4.87053,52.3348
9.95278,48.34412
9.99995,48.37219
1.95981,47.81479
-6.24827,53.34807
5.4892,50.96879
4.66142,52.3662
1.95981,47.81479
5.8673,52.95982
5.4892,50.96879
4.04943,49.25707
1.95981,47.81479
2.05125,41.32373
5.4892,50.96879
3.59826,47.84845
1.95981,47.81479
2.05125,41.32373
5.4892,50.96879
2.05757,41.36808
1.95981,47.81479
14.5281,35.8548
5.4892,50.96879
9.99995,48.37219
1.95981,47.81479
4.66142,52.3662
1.95981,47.81479
4.66142,52.3662
1.95981,47.81479
26.0047,44.5244
5.4892,50.96879
-1.31842,52.07289
5.4892,50.96879
-2.14067,52.88647
1.95981,47.81479
14.5281,35.8548
5.4892,50.96879
-1.1969,52.77677
1.95981,47.81479
14.5281,35.8548
5.4892,50.96879
-1.1969,52.77677
1.95981,47.81479
14.5281,35.8548
5.4892,50.96879
14.5281,35.8548
5.4892,50.96879
3.33922,48.2071
1.95981,47.81479
-1.31842,52.07289
5.4892,50.96879
3.33922,48.2071
1.95981,47.81479
-1.31842,52.07289
5.4892,50.96879
3.33922,48.2071
1.95981,47.81479
-1.31842,52.07289
5.4892,50.96879
3.33922,48.2071
1.95981,47.81479
-1.31842,52.07289
5.4892,50.96879
-1.1969,52.77677
1.95981,47.81479
-1.1969,52.77677
1.95981,47.81479
3.33922,48.2071
1.95981,47.81479
3.33922,48.2071
1.95981,47.81479
-1.31842,52.07289
5.4892,50.96879
-1.31842,52.07289
5.4892,50.96879
-3.24338,40.6296
1.95981,47.81479
-1.31842,52.07289
5.4892,50.96879
-3.24338,40.6296
1.95981,47.81479
-1.31842,52.07289
5.4892,50.96879
-1.31842,52.07289
5.4892,50.96879
-1.31842,52.07289
5.4892,50.96879
18.38961,43.86509
13.32221,52.36457
14.46254,35.88926
11.9737,57.75528
-3.24338,40.6296
11.9737,57.75528
-1.1969,52.77677
11.9737,57.75528
-1.1969,52.77677
11.9737,57.75528
9.99995,48.37219
11.9737,57.75528
9.99995,48.37219
11.9737,57.75528
9.99995,48.37219
11.9737,57.75528
4.66142,52.3662
11.9737,57.75528
4.87053,52.3348
11.9737,57.75528
9.99995,48.37219
11.9737,57.75528
21.63267,47.50712
11.9737,57.75528
1.95981,47.81479
11.9737,57.75528
1.95981,47.81479
11.9737,57.75528
-0.7812,41.65185
11.9737,57.75528
17.98824,49.90528
11.9737,57.75528
15.71727,45.86644
11.9737,57.75528
-7.11604,52.26315
11.9737,57.75528
25.73181,41.0826
11.9737,57.75528
-1.55663,42.86594
11.9737,57.75528
-0.7812,41.65185
11.9737,57.75528
